Work Function data
457.7,418.1,401.9,458.8,397.6,404.7,424.9,407.4,451.1,420.2,462.5,386.6,439.0,434.3,423.0,422.6,417.0,419.9,415.7,412.0,409.2,394.6,397.5,404.2,413.2,419.5,411.2,400.3,415.0,434.8,455.0,453.8,455.9,411.2,
470.4,474.1,463.8,465.6,469.9,468.7,464.0,461.1,457.8,457.8,452.0,451.3,471.4,459.6,438.8,433.9,431.9,456.3,431.7,427.4,412.6,400.9,405.4,402.3,430.8,416.4,405.2,418.5,407.6,413.1,419.6,436.8,465.5,455.1,
477.6,479.1,474.8,473.6,465.2,474.1,417.4,441.5,464.7,434.9,457.5,409.1,430.1,432.3,397.4,430.6,442.9,434.9,421.5,414.9,409.3,406.2,398.1,408.4,430.2,406.8,387.0,404.0,409.2,412.0,428.1,423.5,421.5,430.3,
472.9,478.6,472.5,463.8,469.9,456.5,462.6,463.5,461.8,472.6,449.0,446.9,449.7,438.7,429.6,434.7,452.9,430.5,414.7,413.5,415.7,413.2,401.3,404.2,417.4,410.8,403.1,413.3,411.3,424.9,420.0,417.9,432.3,438.4,
483.8,467.6,466.4,463.5,472.0,477.2,409.4,412.1,449.7,432.3,451.9,410.9,425.4,439.0,376.6,404.2,405.6,419.0,429.6,415.8,415.1,401.2,396.8,392.8,399.0,408.3,401.7,407.5,395.7,408.7,406.6,411.4,463.9,455.3,
467.9,463.7,461.9,463.8,470.4,459.9,471.0,484.5,454.1,449.3,471.6,463.3,429.5,427.9,459.1,442.5,420.7,422.5,418.9,402.7,407.8,411.6,408.6,398.9,436.6,398.5,403.6,417.1,404.7,418.2,423.4,424.4,457.5,466.1,
467.1,477.5,483.9,473.5,472.2,467.3,439.8,431.8,454.8,421.0,455.6,412.0,407.3,392.6,438.8,445.1,378.5,393.1,410.0,400.0,402.4,404.8,390.7,390.7,402.4,392.4,386.6,394.6,396.1,393.4,406.5,402.3,414.9,452.0,
478.3,470.5,474.8,455.5,471.4,466.3,455.0,458.2,448.7,446.5,437.6,434.6,431.3,433.0,425.5,423.7,418.8,415.4,410.4,413.3,402.1,401.5,395.6,389.5,399.4,395.2,386.4,388.4,397.4,399.4,410.3,404.1,411.1,412.7,
461.3,457.4,472.2,464.5,463.8,459.3,429.8,453.8,471.7,419.7,431.7,407.3,411.6,420.7,397.6,381.3,399.7,368.2,407.2,409.3,402.3,392.9,397.0,393.4,382.2,389.6,389.6,388.4,391.8,386.6,398.1,393.5,399.4,414.1,
452.5,450.7,465.7,458.9,459.6,462.2,459.8,452.3,462.0,449.4,442.2,441.8,434.4,423.9,415.8,415.8,415.6,416.0,404.9,406.8,402.0,396.1,393.0,390.2,400.1,399.7,390.6,396.3,394.2,414.8,416.4,432.9,414.9,414.5,
452.2,454.6,461.6,455.4,455.0,452.2,458.1,388.5,457.0,408.6,436.5,395.6,390.7,393.9,388.5,415.8,386.0,381.7,409.9,349.1,398.5,388.5,401.5,386.7,385.7,400.0,385.8,379.9,393.2,392.5,402.6,338.2,397.0,402.5,
445.1,446.0,453.8,449.0,452.9,449.8,452.7,474.8,475.0,443.7,432.5,428.4,428.8,418.0,422.9,415.8,452.0,415.0,402.5,408.3,355.5,411.7,397.1,387.8,385.2,384.4,388.3,405.1,395.4,424.0,406.8,402.7,416.2,414.7,
452.3,449.4,444.2,453.8,445.1,448.7,447.2,453.1,458.8,403.9,374.8,390.9,426.0,368.2,385.5,394.1,383.3,380.6,408.6,375.7,396.4,335.3,377.6,380.0,376.5,381.6,379.6,373.6,387.8,397.5,398.4,392.1,395.6,406.2,
438.3,449.0,446.5,455.0,442.2,450.1,443.7,442.2,458.6,451.6,429.6,423.6,428.4,419.8,422.5,415.4,408.7,406.7,404.7,401.2,398.9,388.3,385.6,390.7,383.7,381.7,381.4,381.3,387.2,387.1,386.5,392.8,407.0,383.2,
438.2,457.6,450.6,450.3,439.3,442.6,439.8,439.6,454.1,383.9,376.4,395.1,424.9,366.7,384.0,417.6,383.3,377.3,404.7,366.5,392.4,350.7,354.8,375.7,378.3,374.4,369.1,373.3,373.2,373.4,379.7,376.1,370.5,365.1,
439.0,443.0,448.9,443.7,449.4,443.4,452.6,444.8,449.6,438.4,428.8,421.9,425.7,419.8,418.0,412.2,411.8,412.3,394.5,399.8,392.0,388.3,388.3,376.9,386.1,380.3,371.9,443.8,389.3,377.4,373.6,375.3,375.6,381.8,
436.6,440.1,440.2,445.3,445.6,450.1,444.7,468.0,437.0,374.8,432.8,382.3,397.8,426.6,376.1,413.2,375.8,377.0,405.9,364.6,384.6,355.7,344.7,350.0,367.9,369.7,365.1,376.9,370.9,367.2,369.6,367.2,363.8,367.7,
424.6,433.2,439.2,432.2,443.3,432.4,461.8,470.7,437.8,426.8,424.5,425.6,421.5,419.7,414.3,411.3,401.1,400.8,396.3,397.4,388.7,387.5,376.0,375.1,376.0,373.5,370.1,368.4,368.1,371.7,366.5,371.3,369.5,377.7,
421.9,431.7,442.2,439.8,430.8,439.3,448.6,462.8,436.8,428.7,411.8,388.9,384.3,420.2,373.9,374.8,358.4,371.5,398.1,356.4,388.1,351.9,355.8,330.2,326.7,369.8,361.4,359.4,368.6,355.5,360.0,355.5,356.5,355.7,
406.4,433.1,430.3,427.7,428.0,424.8,436.0,444.5,425.4,428.2,418.7,422.9,427.7,416.8,410.3,406.6,399.4,402.6,391.4,393.0,386.9,387.2,372.8,374.4,372.8,365.2,359.7,364.3,396.5,367.9,365.2,359.1,352.5,350.3,
406.3,416.2,437.0,436.8,436.9,437.5,429.2,434.6,430.7,424.6,428.5,401.7,379.5,420.3,387.0,408.3,372.3,364.9,396.5,359.8,382.9,355.4,347.7,372.3,330.7,358.8,328.5,349.5,349.1,347.0,352.7,349.9,347.3,340.0,
390.8,394.6,441.6,433.0,421.5,416.0,415.8,434.9,420.6,419.9,416.1,412.4,410.1,410.0,413.5,401.1,399.0,402.3,387.7,386.8,384.3,378.0,381.2,369.7,369.4,360.5,353.4,346.0,353.8,355.5,348.8,347.0,348.6,331.1,
385.3,399.6,414.4,412.2,413.8,430.0,419.4,422.5,423.3,423.0,422.2,418.4,350.9,405.9,371.5,399.3,362.0,369.4,398.3,352.9,348.0,340.0,345.6,346.2,328.3,354.3,302.8,346.8,343.8,333.9,340.4,335.2,327.6,325.1,
376.7,398.6,400.1,406.1,411.5,423.7,417.5,411.1,416.1,417.9,415.4,408.7,406.1,400.4,397.4,395.6,390.7,394.0,385.1,388.2,377.0,376.1,367.2,363.0,363.5,354.0,356.0,343.3,344.1,343.1,333.4,328.4,322.6,315.7,
359.6,379.6,387.2,404.9,404.0,414.7,401.9,411.8,409.3,402.8,407.5,381.3,406.9,354.2,361.1,353.5,355.6,355.3,383.8,346.4,351.6,344.5,338.9,323.5,318.3,314.3,285.3,332.8,330.3,318.8,322.2,309.5,315.6,308.8,
359.4,375.6,385.5,390.6,394.0,403.1,396.2,398.6,399.6,405.0,402.2,394.1,399.1,395.4,390.2,384.8,380.9,384.8,373.7,376.3,372.1,364.4,363.3,352.3,350.4,347.3,329.9,333.7,326.9,321.8,317.0,319.4,313.1,301.9,
347.0,356.0,404.0,382.1,373.7,385.8,388.6,391.3,397.5,393.4,400.2,387.6,390.2,349.6,349.6,383.2,347.5,338.4,367.9,328.4,331.0,322.8,315.1,323.7,313.2,328.2,277.4,291.0,319.7,305.3,310.1,305.9,307.9,292.9,
326.7,339.3,358.1,357.7,367.5,375.8,376.3,383.3,380.6,378.2,384.3,379.1,375.8,378.0,375.7,369.7,362.5,362.8,359.5,359.8,353.7,350.5,342.7,338.4,338.4,322.8,323.7,315.9,312.0,315.5,321.3,334.9,358.1,318.8,
326.4,335.9,353.6,378.3,382.4,368.2,367.0,368.7,368.8,369.2,381.1,377.2,360.8,408.2,359.6,365.9,351.4,331.3,360.8,318.1,325.5,319.2,304.5,333.0,304.3,305.2,267.8,294.7,307.7,384.6,323.7,314.1,318.3,287.5,
310.4,315.1,331.5,334.4,349.0,342.9,357.6,355.6,349.3,374.0,304.9,359.1,404.3,369.6,366.1,351.0,350.7,343.2,342.3,345.0,335.0,357.5,323.5,320.7,315.1,309.3,304.1,332.2,293.0,294.0,292.0,294.5,286.7,276.1,
284.1,298.3,297.3,305.6,316.0,322.3,326.6,337.5,331.6,336.5,345.0,333.4,339.4,391.0,271.1,277.8,290.6,299.1,324.5,284.2,287.6,273.3,280.4,265.5,258.1,287.8,254.1,222.4,276.7,268.2,198.1,280.8,264.1,274.7,
262.3,278.4,288.6,300.4,303.3,308.0,309.4,314.8,322.8,334.5,332.3,326.3,324.5,319.6,318.3,319.8,318.7,317.2,308.4,308.5,306.1,295.1,295.4,289.5,280.4,282.1,261.6,279.5,285.5,277.5,270.0,271.4,266.2,268.4,
254.6,263.0,276.8,290.5,286.5,297.9,305.2,293.4,303.6,305.1,313.0,311.8,294.5,303.7,246.9,262.1,271.0,269.0,280.3,260.2,262.5,263.5,264.2,252.4,244.7,251.7,242.6,224.0,252.1,257.3,264.8,262.6,259.9,266.3,
238.9,246.3,258.9,264.6,270.0,270.4,282.7,281.0,282.4,283.7,284.7,285.0,285.4,283.2,284.5,280.5,279.8,279.7,278.2,278.4,277.6,273.0,269.0,270.0,266.2,265.2,262.2,260.4,256.8,260.9,258.5,246.1,261.4,268.0,
Tracking data
0.0,-20.0,-40.0,-40.0,-60.0,-70.0,-90.0,-100.0,-100.0,-130.0,-130.0,-150.0,-160.0,-160.0,-190.0,-190.0,-210.0,-220.0,-230.0,-250.0,-250.0,-270.0,-290.0,-290.0,-310.0,-320.0,-330.0,-350.0,-350.0,-370.0,-380.0,-400.0,-410.0,-410.0,
10.0,-10.0,-30.0,-30.0,-50.0,-50.0,-70.0,-90.0,-90.0,-110.0,-110.0,-130.0,-150.0,-150.0,-170.0,-180.0,-190.0,-210.0,-220.0,-240.0,-240.0,-260.0,-280.0,-280.0,-300.0,-310.0,-320.0,-340.0,-350.0,-370.0,-370.0,-380.0,-390.0,-390.0,
20.0,0.0,-20.0,-20.0,-40.0,-50.0,-70.0,-80.0,-80.0,-110.0,-110.0,-130.0,-140.0,-140.0,-170.0,-170.0,-190.0,-200.0,-210.0,-230.0,-230.0,-250.0,-270.0,-270.0,-290.0,-300.0,-320.0,-330.0,-330.0,-350.0,-360.0,-370.0,-390.0,-390.0,
20.0,10.0,-10.0,-10.0,-30.0,-30.0,-50.0,-70.0,-70.0,-90.0,-90.0,-110.0,-130.0,-140.0,-160.0,-160.0,-180.0,-190.0,-200.0,-220.0,-220.0,-240.0,-260.0,-260.0,-280.0,-280.0,-300.0,-320.0,-320.0,-340.0,-340.0,-350.0,-370.0,-370.0,
40.0,20.0,0.0,0.0,-20.0,-30.0,-50.0,-60.0,-60.0,-90.0,-90.0,-110.0,-120.0,-120.0,-150.0,-150.0,-170.0,-190.0,-190.0,-210.0,-210.0,-230.0,-250.0,-250.0,-280.0,-280.0,-300.0,-310.0,-310.0,-330.0,-340.0,-360.0,-370.0,-370.0,
40.0,30.0,10.0,10.0,-10.0,-10.0,-30.0,-50.0,-50.0,-70.0,-70.0,-90.0,-110.0,-110.0,-130.0,-140.0,-150.0,-170.0,-170.0,-190.0,-200.0,-210.0,-230.0,-240.0,-250.0,-250.0,-270.0,-280.0,-290.0,-310.0,-310.0,-330.0,-350.0,-350.0,
50.0,30.0,20.0,20.0,-10.0,-10.0,-30.0,-50.0,-50.0,-70.0,-70.0,-90.0,-110.0,-110.0,-130.0,-130.0,-150.0,-170.0,-170.0,-190.0,-200.0,-210.0,-230.0,-230.0,-250.0,-260.0,-280.0,-290.0,-290.0,-310.0,-320.0,-340.0,-350.0,-350.0,
60.0,50.0,30.0,30.0,10.0,0.0,-10.0,-30.0,-30.0,-50.0,-50.0,-70.0,-90.0,-90.0,-110.0,-120.0,-130.0,-150.0,-160.0,-180.0,-180.0,-200.0,-220.0,-220.0,-240.0,-240.0,-250.0,-270.0,-270.0,-290.0,-300.0,-310.0,-330.0,-330.0,
60.0,40.0,30.0,30.0,10.0,0.0,-20.0,-30.0,-30.0,-60.0,-60.0,-80.0,-90.0,-90.0,-120.0,-120.0,-140.0,-150.0,-150.0,-180.0,-180.0,-200.0,-210.0,-220.0,-240.0,-240.0,-260.0,-270.0,-270.0,-290.0,-290.0,-310.0,-330.0,-330.0,
70.0,60.0,40.0,40.0,20.0,20.0,0.0,-10.0,-20.0,-40.0,-40.0,-50.0,-70.0,-70.0,-90.0,-110.0,-120.0,-130.0,-140.0,-160.0,-160.0,-180.0,-190.0,-210.0,-220.0,-230.0,-240.0,-260.0,-260.0,-280.0,-280.0,-300.0,-310.0,-320.0,
70.0,60.0,40.0,40.0,20.0,20.0,0.0,-20.0,-20.0,-40.0,-40.0,-60.0,-70.0,-80.0,-100.0,-100.0,-120.0,-130.0,-130.0,-160.0,-160.0,-180.0,-190.0,-200.0,-220.0,-220.0,-230.0,-250.0,-250.0,-270.0,-270.0,-290.0,-310.0,-310.0,
80.0,70.0,50.0,50.0,30.0,30.0,10.0,-10.0,-10.0,-30.0,-30.0,-40.0,-60.0,-70.0,-80.0,-90.0,-100.0,-120.0,-120.0,-140.0,-150.0,-160.0,-180.0,-190.0,-210.0,-210.0,-230.0,-240.0,-250.0,-270.0,-270.0,-290.0,-310.0,-310.0,
90.0,70.0,50.0,50.0,30.0,30.0,10.0,0.0,0.0,-20.0,-30.0,-50.0,-50.0,-60.0,-80.0,-90.0,-100.0,-120.0,-120.0,-140.0,-140.0,-160.0,-180.0,-180.0,-200.0,-210.0,-220.0,-240.0,-240.0,-260.0,-260.0,-280.0,-300.0,-300.0,
90.0,70.0,60.0,50.0,40.0,30.0,20.0,0.0,0.0,-20.0,-20.0,-30.0,-50.0,-50.0,-70.0,-80.0,-90.0,-110.0,-110.0,-130.0,-140.0,-160.0,-170.0,-170.0,-190.0,-200.0,-210.0,-230.0,-240.0,-250.0,-260.0,-270.0,-290.0,-300.0,
90.0,80.0,60.0,60.0,40.0,40.0,20.0,10.0,10.0,-10.0,-20.0,-40.0,-40.0,-50.0,-70.0,-70.0,-90.0,-100.0,-100.0,-130.0,-130.0,-150.0,-160.0,-170.0,-190.0,-190.0,-210.0,-220.0,-230.0,-250.0,-260.0,-270.0,-290.0,-290.0,
100.0,90.0,70.0,70.0,50.0,50.0,30.0,20.0,20.0,0.0,-10.0,-30.0,-40.0,-40.0,-60.0,-60.0,-80.0,-90.0,-100.0,-120.0,-120.0,-130.0,-150.0,-160.0,-180.0,-180.0,-200.0,-210.0,-210.0,-230.0,-240.0,-250.0,-270.0,-280.0,
100.0,90.0,70.0,70.0,50.0,50.0,30.0,20.0,20.0,-10.0,-10.0,-30.0,-40.0,-40.0,-60.0,-60.0,-80.0,-100.0,-100.0,-120.0,-120.0,-140.0,-150.0,-160.0,-180.0,-180.0,-200.0,-210.0,-210.0,-240.0,-240.0,-260.0,-280.0,-280.0,
110.0,100.0,80.0,80.0,60.0,60.0,40.0,30.0,30.0,10.0,10.0,-10.0,-20.0,-20.0,-40.0,-50.0,-70.0,-80.0,-80.0,-100.0,-100.0,-120.0,-130.0,-150.0,-160.0,-170.0,-190.0,-200.0,-200.0,-220.0,-230.0,-250.0,-260.0,-270.0,
110.0,100.0,80.0,80.0,60.0,60.0,40.0,30.0,30.0,10.0,0.0,-20.0,-30.0,-30.0,-50.0,-60.0,-70.0,-80.0,-80.0,-110.0,-110.0,-130.0,-140.0,-150.0,-170.0,-170.0,-190.0,-200.0,-200.0,-220.0,-230.0,-250.0,-260.0,-270.0,
130.0,110.0,100.0,100.0,80.0,70.0,50.0,40.0,40.0,20.0,20.0,0.0,-10.0,-10.0,-30.0,-40.0,-60.0,-70.0,-70.0,-90.0,-90.0,-110.0,-120.0,-140.0,-150.0,-160.0,-170.0,-190.0,-190.0,-210.0,-220.0,-240.0,-260.0,-260.0,
130.0,110.0,100.0,100.0,80.0,70.0,50.0,40.0,40.0,20.0,10.0,0.0,-20.0,-20.0,-40.0,-40.0,-60.0,-70.0,-70.0,-100.0,-100.0,-120.0,-130.0,-130.0,-160.0,-160.0,-180.0,-190.0,-190.0,-210.0,-220.0,-230.0,-250.0,-260.0,
130.0,110.0,100.0,100.0,80.0,80.0,60.0,50.0,50.0,30.0,30.0,10.0,0.0,-10.0,-30.0,-30.0,-40.0,-60.0,-70.0,-80.0,-90.0,-100.0,-120.0,-130.0,-150.0,-150.0,-170.0,-180.0,-190.0,-210.0,-220.0,-230.0,-250.0,-260.0,
130.0,120.0,110.0,110.0,90.0,80.0,60.0,50.0,50.0,30.0,20.0,10.0,-10.0,-10.0,-30.0,-30.0,-50.0,-60.0,-60.0,-90.0,-90.0,-110.0,-120.0,-130.0,-150.0,-150.0,-170.0,-180.0,-190.0,-210.0,-210.0,-230.0,-250.0,-250.0,
140.0,130.0,110.0,110.0,90.0,90.0,80.0,60.0,60.0,40.0,30.0,20.0,10.0,-10.0,-20.0,-30.0,-40.0,-60.0,-60.0,-80.0,-80.0,-100.0,-110.0,-130.0,-140.0,-150.0,-160.0,-180.0,-180.0,-200.0,-210.0,-230.0,-250.0,-250.0,
140.0,130.0,110.0,110.0,90.0,90.0,70.0,60.0,60.0,40.0,30.0,10.0,10.0,-10.0,-20.0,-30.0,-40.0,-60.0,-60.0,-80.0,-90.0,-100.0,-120.0,-120.0,-140.0,-150.0,-170.0,-180.0,-180.0,-200.0,-210.0,-230.0,-240.0,-250.0,
150.0,140.0,120.0,120.0,100.0,100.0,90.0,70.0,70.0,50.0,40.0,20.0,10.0,10.0,-10.0,-20.0,-30.0,-50.0,-50.0,-70.0,-80.0,-90.0,-110.0,-110.0,-130.0,-140.0,-150.0,-170.0,-180.0,-200.0,-200.0,-220.0,-240.0,-240.0,
150.0,130.0,120.0,120.0,100.0,90.0,80.0,70.0,60.0,40.0,40.0,20.0,10.0,0.0,-20.0,-20.0,-40.0,-50.0,-50.0,-70.0,-80.0,-100.0,-110.0,-120.0,-140.0,-140.0,-160.0,-180.0,-180.0,-200.0,-210.0,-220.0,-240.0,-240.0,
160.0,150.0,130.0,120.0,110.0,110.0,90.0,80.0,70.0,60.0,50.0,40.0,20.0,20.0,0.0,-10.0,-30.0,-40.0,-40.0,-60.0,-70.0,-80.0,-100.0,-110.0,-120.0,-130.0,-150.0,-160.0,-170.0,-190.0,-200.0,-210.0,-230.0,-240.0,
160.0,140.0,130.0,130.0,110.0,100.0,80.0,70.0,70.0,50.0,40.0,30.0,10.0,10.0,-10.0,-20.0,-30.0,-50.0,-50.0,-70.0,-80.0,-100.0,-110.0,-110.0,-140.0,-140.0,-160.0,-170.0,-180.0,-200.0,-200.0,-220.0,-240.0,-240.0,
160.0,150.0,140.0,130.0,120.0,110.0,100.0,90.0,70.0,60.0,60.0,40.0,30.0,20.0,0.0,0.0,-20.0,-30.0,-40.0,-60.0,-60.0,-80.0,-90.0,-100.0,-120.0,-130.0,-140.0,-160.0,-170.0,-180.0,-200.0,-210.0,-230.0,-240.0,
160.0,150.0,130.0,130.0,110.0,110.0,90.0,80.0,70.0,50.0,50.0,30.0,20.0,20.0,0.0,-10.0,-30.0,-40.0,-40.0,-60.0,-70.0,-90.0,-100.0,-110.0,-130.0,-130.0,-150.0,-170.0,-170.0,-190.0,-200.0,-210.0,-230.0,-240.0,
170.0,160.0,140.0,140.0,120.0,120.0,100.0,90.0,80.0,70.0,60.0,50.0,30.0,20.0,10.0,0.0,-10.0,-30.0,-30.0,-50.0,-60.0,-70.0,-90.0,-100.0,-120.0,-130.0,-150.0,-160.0,-160.0,-180.0,-190.0,-210.0,-230.0,-240.0,
170.0,150.0,140.0,140.0,120.0,110.0,100.0,80.0,80.0,60.0,50.0,40.0,20.0,20.0,0.0,-10.0,-20.0,-40.0,-40.0,-60.0,-70.0,-80.0,-100.0,-110.0,-120.0,-140.0,-140.0,-160.0,-170.0,-190.0,-190.0,-210.0,-230.0,-230.0,
170.0,160.0,140.0,130.0,120.0,120.0,100.0,90.0,80.0,70.0,60.0,50.0,30.0,30.0,10.0,0.0,-20.0,-30.0,-30.0,-50.0,-60.0,-70.0,-90.0,-100.0,-120.0,-130.0,-150.0,-160.0,-170.0,-180.0,-190.0,-210.0,-230.0,-240.0,
Grad data
282,292,305,313,289,305,314,298,292,315,300,312,301,285,306,285,304,293,309,309,288,305,320,304,296,309,295,304,294,286,300,322,311,306,
290,302,316,316,312,293,302,312,300,308,288,296,308,293,290,297,283,301,310,319,291,304,314,297,295,303,288,303,319,315,299,297,285,281,
293,302,314,315,295,316,324,301,295,321,307,317,298,286,308,288,306,297,309,306,282,299,310,297,289,308,320,303,295,291,305,296,313,306,
308,292,306,305,304,285,296,311,298,303,281,292,305,322,318,294,310,297,305,313,285,299,317,302,301,286,298,315,311,317,299,285,299,286,
282,294,307,307,289,308,319,301,291,314,300,313,296,284,304,286,303,324,303,303,278,295,308,290,315,294,311,297,289,288,301,320,305,294,
298,290,301,299,300,283,293,312,297,304,283,295,313,296,293,300,286,306,286,286,297,284,302,321,296,287,309,301,316,320,293,304,316,299,
295,310,294,293,310,295,308,322,313,305,291,300,322,310,297,283,295,318,299,296,308,296,306,286,283,296,311,299,292,290,304,321,306,292,
295,283,300,297,296,306,294,308,292,301,281,292,309,293,295,301,287,300,311,320,293,306,320,299,312,295,283,301,293,299,306,289,304,289,
296,312,297,295,282,299,312,300,287,317,304,314,302,289,317,303,314,303,287,324,296,314,299,310,310,291,323,308,297,299,281,295,311,293,
298,290,304,300,306,289,303,293,306,316,295,285,305,285,284,321,307,296,303,314,287,298,282,322,298,302,294,312,299,304,286,300,288,303,
304,292,305,303,295,281,296,315,302,299,288,303,293,306,304,292,305,295,284,316,294,313,296,313,324,304,300,321,308,311,290,302,321,299,
300,286,301,297,304,288,302,321,299,316,295,286,304,314,295,298,289,307,291,296,299,281,298,300,314,286,306,286,305,312,290,304,321,303,
288,300,318,316,309,296,314,304,289,287,305,323,284,295,295,309,301,320,312,303,285,299,320,296,300,310,299,316,302,307,287,303,318,298,
290,308,298,322,295,307,293,317,301,314,294,281,305,286,293,297,292,312,297,299,309,323,314,288,292,296,287,301,318,296,306,290,303,317,
317,302,317,313,308,293,314,304,289,289,304,323,285,297,300,285,302,302,289,316,297,311,295,308,310,285,305,291,305,307,315,300,313,292,
296,287,305,297,307,287,306,298,285,291,299,320,312,294,309,285,305,295,310,320,294,286,300,304,319,291,309,299,284,293,298,285,296,309,
313,299,315,307,308,290,311,300,286,320,303,322,309,297,299,282,301,326,319,316,297,312,297,311,317,291,312,300,281,316,286,303,318,296,
308,296,316,305,317,295,319,314,297,311,289,307,301,282,292,297,320,312,297,307,281,296,281,317,296,299,315,307,286,290,293,312,294,302,
312,299,315,306,309,289,312,302,286,290,302,318,307,292,295,310,302,290,281,315,294,308,292,306,313,292,315,304,283,288,298,317,299,311,
280,297,293,283,292,298,323,316,297,314,290,309,302,282,293,298,322,314,296,308,281,297,281,317,295,298,289,308,284,291,289,303,318,293,
290,304,297,287,288,300,323,313,295,301,313,299,315,299,301,285,303,294,283,316,295,310,295,279,313,293,316,304,284,291,301,289,300,318,
300,322,316,307,319,293,317,316,295,309,284,302,295,300,319,293,283,305,314,296,296,289,302,304,317,288,307,295,299,308,311,296,306,315,
315,305,293,282,287,298,322,314,294,302,314,301,319,299,303,284,304,293,281,312,289,309,291,303,308,285,306,300,309,315,284,304,320,292,
296,287,309,296,314,291,282,306,284,299,303,298,284,319,298,306,295,319,298,312,281,298,283,317,297,295,286,305,280,287,286,302,315,285,
309,297,317,305,312,290,313,304,284,293,303,326,282,320,295,305,292,315,301,299,304,302,310,291,291,298,325,312,287,294,299,317,298,306,
293,286,307,293,314,291,281,306,283,297,299,320,320,293,297,305,294,320,295,304,307,292,318,289,296,296,283,300,302,319,283,298,317,288,
294,313,305,291,300,312,301,297,304,316,289,312,303,310,315,295,311,304,285,287,290,311,300,305,310,285,304,329,302,311,314,299,315,285,
290,283,303,319,308,285,305,303,307,292,295,289,314,286,297,298,317,317,291,297,300,291,304,309,288,288,306,291,296,301,301,287,301,300,
283,300,295,280,286,298,320,313,289,301,309,297,321,293,298,306,295,320,299,301,304,325,314,287,324,293,313,301,311,316,286,303,320,289,
302,295,294,304,293,298,296,286,322,306,279,301,295,296,316,288,304,298,301,319,285,297,290,292,297,303,286,297,305,281,310,292,305,305,
300,292,312,293,308,285,308,302,312,327,298,319,311,279,289,296,317,305,286,290,293,308,296,301,308,282,298,321,295,303,302,293,307,310,
287,280,306,287,305,281,302,300,304,291,295,284,303,308,294,298,287,309,282,294,295,280,298,296,304,302,317,311,279,290,284,296,312,312,
288,306,298,280,290,302,297,317,291,305,314,301,326,295,305,309,297,319,298,303,305,290,308,313,291,322,283,296,307,316,282,299,317,284,
293,285,307,317,312,286,309,300,308,294,293,288,313,282,296,293,314,312,285,298,297,283,299,293,306,302,323,307,311,289,283,296,311,310,
Time data
0,3,6,8,11,14,17,20,22,26,28,31,34,37,40,42,45,48,51,54,56,59,62,65,67,70,73,76,78,81,84,87,90,92,
195,192,189,186,183,181,178,174,172,168,166,163,159,157,153,150,147,144,141,137,135,132,128,126,123,120,116,113,110,106,104,100,98,95,
198,201,204,206,209,212,215,218,220,224,226,229,232,234,237,239,242,246,249,252,254,257,260,262,265,268,271,274,276,279,282,285,287,290,
393,389,386,384,380,378,375,371,369,365,363,360,356,353,349,347,343,340,337,333,331,328,324,322,318,316,313,309,307,304,301,298,295,293,
396,399,402,404,407,410,413,416,418,422,424,427,430,432,435,437,440,443,445,448,450,453,456,458,462,464,467,470,472,475,478,481,484,486,
588,584,582,579,576,574,571,567,565,561,559,556,552,550,546,543,540,537,535,532,529,526,523,520,516,514,511,508,505,501,499,496,492,490,
591,594,597,599,603,605,608,611,613,616,618,621,624,626,629,631,634,637,639,642,645,649,652,654,657,660,663,666,668,671,674,677,680,682,
784,781,778,776,772,769,766,763,760,757,755,752,748,746,742,739,736,733,729,725,723,720,716,714,711,708,705,703,700,697,694,690,687,685,
786,789,792,794,797,800,803,806,808,812,814,817,820,822,826,828,831,834,836,840,842,845,849,851,854,857,859,862,865,868,870,873,876,878,
984,980,977,975,971,969,966,962,959,956,954,950,947,945,942,939,935,931,929,925,923,920,916,913,909,907,903,898,896,892,890,887,884,881,
986,990,992,995,998,1000,1003,1006,1008,1011,1013,1016,1019,1022,1025,1027,1030,1033,1035,1039,1041,1044,1047,1050,1053,1055,1058,1061,1063,1066,1068,1071,1074,1076,
1178,1175,1172,1170,1166,1164,1161,1158,1155,1152,1149,1146,1143,1139,1135,1133,1129,1126,1124,1120,1117,1114,1111,1108,1105,1102,1099,1096,1093,1089,1087,1084,1080,1078,
1181,1184,1187,1189,1192,1194,1197,1200,1202,1205,1208,1211,1213,1216,1219,1222,1225,1228,1230,1233,1235,1238,1241,1243,1246,1249,1252,1255,1257,1260,1262,1265,1268,1270,
1377,1374,1370,1367,1364,1361,1357,1353,1351,1347,1345,1342,1339,1337,1334,1331,1328,1325,1322,1319,1315,1311,1308,1306,1303,1300,1296,1293,1289,1286,1283,1279,1276,1272,
1379,1382,1385,1387,1390,1392,1395,1398,1400,1403,1406,1409,1411,1414,1417,1419,1422,1426,1428,1432,1434,1437,1440,1443,1446,1448,1451,1454,1457,1460,1463,1466,1469,1471,
1576,1572,1569,1567,1563,1561,1558,1554,1552,1549,1546,1543,1539,1537,1533,1531,1528,1524,1521,1518,1515,1512,1509,1506,1502,1500,1497,1493,1491,1488,1485,1482,1479,1475,
1578,1581,1584,1586,1589,1591,1594,1597,1599,1603,1605,1608,1611,1613,1616,1618,1621,1624,1626,1629,1631,1634,1637,1640,1643,1645,1648,1652,1654,1658,1660,1663,1666,1668,
1775,1772,1768,1766,1762,1760,1756,1752,1750,1747,1744,1741,1738,1736,1733,1730,1726,1722,1720,1716,1714,1711,1708,1705,1701,1698,1694,1691,1688,1686,1683,1678,1675,1672,
1777,1780,1783,1785,1788,1791,1794,1796,1799,1802,1804,1807,1810,1813,1815,1818,1821,1824,1826,1830,1832,1835,1838,1841,1844,1846,1849,1852,1854,1857,1861,1864,1867,1870,
1973,1970,1966,1964,1961,1958,1954,1951,1948,1945,1943,1940,1936,1934,1931,1928,1924,1921,1918,1915,1912,1909,1906,1903,1899,1896,1893,1890,1887,1885,1882,1879,1875,1873,
1975,1978,1981,1984,1987,1990,1992,1995,1998,2001,2004,2006,2009,2012,2015,2017,2020,2023,2025,2028,2031,2034,2037,2039,2042,2045,2048,2050,2053,2056,2058,2062,2065,2068,
2177,2173,2170,2167,2164,2162,2158,2154,2152,2147,2145,2142,2139,2136,2132,2130,2127,2124,2121,2117,2114,2111,2108,2105,2101,2099,2096,2092,2089,2086,2082,2078,2074,2070,
2179,2182,2185,2187,2190,2193,2196,2199,2201,2204,2207,2210,2213,2215,2218,2220,2223,2226,2228,2232,2234,2237,2240,2243,2246,2248,2251,2255,2258,2261,2263,2266,2269,2271,
2373,2370,2367,2365,2361,2359,2356,2353,2351,2348,2345,2341,2338,2335,2332,2328,2324,2321,2318,2315,2313,2310,2306,2303,2299,2296,2293,2290,2288,2285,2282,2279,2275,2273,
2375,2378,2381,2383,2386,2388,2391,2394,2396,2399,2402,2405,2407,2410,2413,2416,2419,2422,2424,2427,2430,2434,2437,2439,2442,2445,2448,2450,2453,2456,2459,2462,2465,2468,
2571,2568,2565,2563,2559,2557,2554,2551,2549,2546,2543,2539,2536,2534,2531,2527,2523,2519,2517,2514,2510,2506,2503,2500,2497,2495,2492,2489,2486,2482,2480,2477,2473,2471,
2573,2576,2579,2581,2584,2587,2590,2594,2596,2599,2602,2605,2608,2610,2613,2616,2619,2621,2624,2627,2630,2632,2635,2638,2641,2643,2646,2649,2652,2654,2657,2660,2663,2665,
2774,2771,2769,2765,2761,2759,2756,2752,2749,2746,2743,2739,2736,2734,2731,2728,2724,2721,2718,2716,2712,2708,2705,2702,2698,2695,2692,2688,2685,2681,2677,2674,2671,2668,
2777,2779,2783,2785,2788,2791,2794,2797,2799,2802,2805,2808,2811,2813,2816,2819,2822,2825,2827,2830,2833,2836,2839,2841,2845,2847,2850,2853,2856,2859,2861,2864,2867,2869,
2979,2975,2971,2968,2965,2962,2958,2955,2952,2948,2946,2943,2940,2937,2933,2931,2928,2924,2921,2918,2915,2912,2909,2906,2903,2899,2896,2893,2890,2886,2883,2879,2875,2871,
2981,2984,2987,2989,2992,2994,2997,3000,3003,3006,3008,3011,3014,3016,3019,3022,3025,3028,3030,3033,3036,3039,3042,3044,3047,3050,3053,3055,3058,3061,3064,3067,3070,3073,
3177,3174,3171,3169,3166,3164,3161,3158,3155,3151,3148,3145,3142,3138,3135,3132,3129,3126,3124,3121,3118,3115,3112,3109,3105,3101,3097,3094,3091,3088,3086,3083,3079,3075,
3179,3182,3185,3188,3191,3193,3197,3200,3202,3205,3208,3211,3214,3216,3219,3222,3225,3228,3230,3233,3236,3239,3242,3245,3248,3251,3253,3256,3259,3262,3264,3267,3270,3272,
3382,3379,3376,3372,3368,3366,3363,3359,3356,3352,3349,3345,3343,3340,3337,3334,3331,3327,3325,3322,3319,3316,3313,3310,3307,3303,3299,3295,3292,3288,3285,3282,3278,3275,
User data
0,0,0,0,0,0,0,0,0,0,0,0,0,0,0,0,0,0,0,0,0,0,0,0,0,0,0,0,0,0,0,0,0,0,
0,0,0,0,0,0,0,0,0,0,0,0,0,0,0,0,0,0,0,0,0,0,0,0,0,0,0,0,0,0,0,0,0,0,
0,0,0,0,0,0,0,0,0,0,0,0,0,0,0,0,0,0,0,0,0,0,0,0,0,0,0,0,0,0,0,0,0,0,
0,0,0,0,0,0,0,0,0,0,0,0,0,0,0,0,0,0,0,0,0,0,0,0,0,0,0,0,0,0,0,0,0,0,
0,0,0,0,0,0,0,0,0,0,0,0,0,0,0,0,0,0,0,0,0,0,0,0,0,0,0,0,0,0,0,0,0,0,
0,0,0,0,0,0,0,0,0,0,0,0,0,0,0,0,0,0,0,0,0,0,0,0,0,0,0,0,0,0,0,0,0,0,
0,0,0,0,0,0,0,0,0,0,0,0,0,0,0,0,0,0,0,0,0,0,0,0,0,0,0,0,0,0,0,0,0,0,
0,0,0,0,0,0,0,0,0,0,0,0,0,0,0,0,0,0,0,0,0,0,0,0,0,0,0,0,0,0,0,0,0,0,
0,0,0,0,0,0,0,0,0,0,0,0,0,0,0,0,0,0,0,0,0,0,0,0,0,0,0,0,0,0,0,0,0,0,
0,0,0,0,0,0,0,0,0,0,0,0,0,0,0,0,0,0,0,0,0,0,0,0,0,0,0,0,0,0,0,0,0,0,
0,0,0,0,0,0,0,0,0,0,0,0,0,0,0,0,0,0,0,0,0,0,0,0,0,0,0,0,0,0,0,0,0,0,
0,0,0,0,0,0,0,0,0,0,0,0,0,0,0,0,0,0,0,0,0,0,0,0,0,0,0,0,0,0,0,0,0,0,
0,0,0,0,0,0,0,0,0,0,0,0,0,0,0,0,0,0,0,0,0,0,0,0,0,0,0,0,0,0,0,0,0,0,
0,0,0,0,0,0,0,0,0,0,0,0,0,0,0,0,0,0,0,0,0,0,0,0,0,0,0,0,0,0,0,0,0,0,
0,0,0,0,0,0,0,0,0,0,0,0,0,0,0,0,0,0,0,0,0,0,0,0,0,0,0,0,0,0,0,0,0,0,
0,0,0,0,0,0,0,0,0,0,0,0,0,0,0,0,0,0,0,0,0,0,0,0,0,0,0,0,0,0,0,0,0,0,
0,0,0,0,0,0,0,0,0,0,0,0,0,0,0,0,0,0,0,0,0,0,0,0,0,0,0,0,0,0,0,0,0,0,
0,0,0,0,0,0,0,0,0,0,0,0,0,0,0,0,0,0,0,0,0,0,0,0,0,0,0,0,0,0,0,0,0,0,
0,0,0,0,0,0,0,0,0,0,0,0,0,0,0,0,0,0,0,0,0,0,0,0,0,0,0,0,0,0,0,0,0,0,
0,0,0,0,0,0,0,0,0,0,0,0,0,0,0,0,0,0,0,0,0,0,0,0,0,0,0,0,0,0,0,0,0,0,
0,0,0,0,0,0,0,0,0,0,0,0,0,0,0,0,0,0,0,0,0,0,0,0,0,0,0,0,0,0,0,0,0,0,
0,0,0,0,0,0,0,0,0,0,0,0,0,0,0,0,0,0,0,0,0,0,0,0,0,0,0,0,0,0,0,0,0,0,
0,0,0,0,0,0,0,0,0,0,0,0,0,0,0,0,0,0,0,0,0,0,0,0,0,0,0,0,0,0,0,0,0,0,
0,0,0,0,0,0,0,0,0,0,0,0,0,0,0,0,0,0,0,0,0,0,0,0,0,0,0,0,0,0,0,0,0,0,
0,0,0,0,0,0,0,0,0,0,0,0,0,0,0,0,0,0,0,0,0,0,0,0,0,0,0,0,0,0,0,0,0,0,
0,0,0,0,0,0,0,0,0,0,0,0,0,0,0,0,0,0,0,0,0,0,0,0,0,0,0,0,0,0,0,0,0,0,
0,0,0,0,0,0,0,0,0,0,0,0,0,0,0,0,0,0,0,0,0,0,0,0,0,0,0,0,0,0,0,0,0,0,
0,0,0,0,0,0,0,0,0,0,0,0,0,0,0,0,0,0,0,0,0,0,0,0,0,0,0,0,0,0,0,0,0,0,
0,0,0,0,0,0,0,0,0,0,0,0,0,0,0,0,0,0,0,0,0,0,0,0,0,0,0,0,0,0,0,0,0,0,
0,0,0,0,0,0,0,0,0,0,0,0,0,0,0,0,0,0,0,0,0,0,0,0,0,0,0,0,0,0,0,0,0,0,
0,0,0,0,0,0,0,0,0,0,0,0,0,0,0,0,0,0,0,0,0,0,0,0,0,0,0,0,0,0,0,0,0,0,
0,0,0,0,0,0,0,0,0,0,0,0,0,0,0,0,0,0,0,0,0,0,0,0,0,0,0,0,0,0,0,0,0,0,
0,0,0,0,0,0,0,0,0,0,0,0,0,0,0,0,0,0,0,0,0,0,0,0,0,0,0,0,0,0,0,0,0,0,
0,0,0,0,0,0,0,0,0,0,0,0,0,0,0,0,0,0,0,0,0,0,0,0,0,0,0,0,0,0,0,0,0,0,
08/12/2015 16:03:15
Probe Amplitude      = 50
Probe Frequency (Hz) = 70.0
Probe Trigger        = 80
Probe Vb             = 7000
Probe DC             = 0
DAS Points           = 60
DAS Rate (Hz)        = 13500
DAS Signal Average   = 15
DAS Gain             = 1
Meas Points          = 20
Meas Voltage Steps   = 1
Meas WF Average      = 1
Meas Vb+             = 7000
Meas Vb-             = -7000
Meas Delay           = 0
Gradient Required    = 300
Gradient Bounts      = 20
Gradient Large Step  = 2
Gradient Small Step  = 1
Gradient Track Invert= -1
XPoints              = 34
YPoints              = 34
XSteps               = 120
YSteps               = 120
